name	CD_1	CD_2	CD_3	CD_4	CD_5	CD_6	CD_7	CD_8	CD_9	CD_10	CD_11	CD_12	CD_13	CD_14	CT_11	CT_12	CT_13	CT_14	CT_15	CT_16	CT_17	CT_18	CT_19	CT_20	CT_21	CT_22	CT_23	CT_24	CT_25	CT_26	CT_27	CT_28	CT_1	CT_2	CT_3	CT_4	CT_5	CT_6	CT_7	CT_8	CT_9	CD_28	CD_15	CD_16	CD_17	CD_18	CD_19	CD_20	CD_21	CD_22	CD_29	CD_30	CD_31	CD_32	CT_10	CD_23	CD_24	CD_25	CD_26	CD_27
g__WWE3	0	0	0	0	0	0	0	0	0	2	1	0	0	1	0	0	0	0	0	0	0	0	0	0	0	0	0	0	0	0	0	0	0	4	0	0	0	2	0	0	0	0	0	0	0	0	0	0	0	0	0	0	0	0	0	0	0	0	0	0
g__Weissella	170	4	10	0	4	0	2143	0	3	215	10	9	5	8	0	0	0	0	0	0	0	0	0	0	7	0	0	0	0	0	0	0	18	8	13	21	16	22	10	0	20	0	0	0	0	0	0	0	0	0	0	0	0	0	37	9	16	6	11	0
g__Vibrio	0	0	0	0	0	0	0	0	0	0	0	0	0	0	0	0	0	0	0	0	0	0	0	0	0	0	0	0	0	0	0	0	0	0	0	0	0	0	0	0	0	117	348	220	156	188	93	165	385	185	295	215	177	65	0	0	0	0	0	0
g__Veillonella	6094	11	47	382	21	51	1350	13	21	173	9898	45	33	44	63	40	260	0	0	73	896	178	0	102	0	0	0	0	0	29	4	21	94	24	43	312	847	51	30	119	42	20	9	55	9	4	41	8	27	141	0	16	13	272	42	8	114	38	103	37
g__Uruburuella	0	0	0	0	0	0	0	0	0	0	0	0	0	0	0	0	0	0	0	0	0	0	0	0	0	0	0	0	0	0	0	0	0	0	0	0	0	0	0	0	0	4	3	10	0	2	2	0	13	4	8	5	2	0	0	0	0	0	0	0
g__UCG-010	0	0	0	0	0	0	0	0	0	0	0	0	0	0	0	0	0	0	0	0	0	0	0	0	0	7	0	0	0	0	0	0	0	0	0	0	0	9	21	0	0	0	0	0	0	0	0	0	0	0	0	0	0	0	0	0	0	0	0	0
g__UCG-009	0	0	0	0	0	0	0	0	0	0	0	1	0	0	0	0	0	2	0	0	0	0	0	0	0	0	0	0	0	0	0	0	0	0	0	0	0	0	0	0	16	0	0	0	0	0	0	0	0	0	0	0	0	0	0	0	0	0	0	0
g__UCG-005	0	0	0	0	0	0	0	0	0	0	0	0	0	0	0	6	0	6	79	0	0	0	0	0	0	37	0	0	0	2	0	0	26	0	0	0	6	38	152	0	4	0	1	0	0	0	10	15	3	0	0	0	32	1	0	0	4	0	0	3
g__UCG-003	0	23	21	0	0	38	0	0	0	0	5	0	0	5	0	0	0	0	0	0	0	0	0	0	0	130	29	0	0	0	0	0	13	2	0	0	9	97	250	2	26	0	1	0	0	3	5	143	25	1	4	0	18	0	0	0	0	0	0	42
g__UCG-002	0	10	34	2	0	13	0	0	0	0	0	0	5	0	5	25	11	69	8	33	17	13	18	0	0	701	17	30	21	0	0	8	218	0	13	5	0	583	1585	4	474	4	0	0	0	0	79	24	16	0	0	0	5	0	3	0	18	2	0	0
g__UBA1819	0	507	33	0	2	27	0	0	18	0	0	69	5	2	171	21	32	17	47	114	420	0	7	47	0	52	25	19	12	0	3	0	21	25	12	7	14	56	9	19	21	10	0	155	29	0	4	16	8	2	5	10	9	3	106	2	19	0	91	11
g__Tyzzerella	8	0	652	0	0	14	0	0	0	0	10	0	557	0	12	9	96	34	1569	99	378	87	13	123	16	148	315	362	63	0	42	1007	23	0	111	9	380	86	18	52	4	80	22	43	54	371	32	64	730	44	83	144	62	84	168	4	8	0	1169	0
g__Tuzzerella	0	0	0	0	0	0	0	0	0	0	0	0	0	0	0	0	0	0	0	0	11	0	0	0	0	0	26	0	0	0	0	0	0	0	0	0	0	0	0	0	0	0	0	0	0	0	0	0	8	0	0	0	0	0	0	0	0	0	0	0
g__Turicibacter	0	44	15	11	3	7	24	11	11	37	0	14	11	8	0	0	0	19	27	154	0	527	0	7	0	16	0	34	24	0	0	6	24	94	11	67	2765	34	13	2	29	10	0	0	0	0	0	5	0	0	0	0	6	0	16	11	26	21	12	4
g__Trichloromonas	0	4	0	0	0	0	6	4	0	0	0	0	5	3	0	0	0	0	0	0	0	0	0	0	0	0	0	0	0	0	0	0	0	0	2	0	11	0	0	0	0	0	0	0	0	0	0	0	0	0	0	0	0	0	0	0	0	0	0	0
g__TM7x	9	0	0	0	0	0	0	0	7	15	2	0	9	0	0	0	0	0	0	0	0	0	0	0	0	0	0	0	0	0	0	0	13	10	3	4	3	0	0	0	0	0	0	0	0	0	2	0	0	14	0	0	0	0	0	0	3	16	19	0
g__Thauera	71	96	143	69	39	57	65	75	86	89	112	4	92	79	0	0	0	0	0	0	0	0	0	0	0	0	0	0	0	0	0	0	100	80	53	57	119	55	50	53	59	0	0	0	0	0	0	0	0	0	0	0	0	0	72	63	53	107	36	44
g__Terrisporobacter	0	0	155	8	0	0	0	0	0	0	0	2	0	0	0	36	0	22	59	976	0	1594	0	132	0	58	278	84	2688	0	14	0	30	0	0	0	0	0	0	0	19	0	0	8	0	0	0	0	0	0	0	0	127	0	0	0	0	0	0	0
g__Sutterella	0	0	36	0	0	8	1	0	0	0	0	0	0	0	0	0	0	0	0	0	0	0	0	0	0	0	0	0	0	29	0	0	2	0	0	2	0	0	0	115	2	37	10	16	8	2	35	437	9	4	10	151	0	23	0	0	0	0	0	561
g__Sunxiuqinia	3	0	0	0	0	0	0	0	0	0	2	0	0	0	0	0	0	0	0	0	0	0	0	0	0	0	0	0	0	0	0	0	0	0	0	0	0	10	0	0	0	0	0	0	0	0	0	0	0	0	0	0	0	0	0	0	0	4	0	2
g__Sulfurovum	45	24	44	28	21	33	27	0	34	45	50	50	32	49	0	0	0	0	0	0	0	0	0	0	0	0	0	0	0	0	0	0	38	39	38	30	69	35	41	26	50	0	0	0	0	0	0	0	0	0	0	0	0	0	39	25	57	33	32	36
g__Subdoligranulum	11	9863	9315	19	0	517	26	34	895	30	22	24	34	34	91	2098	655	728	1569	10404	99	183	172	547	45	1925	298	144	1015	74	44	51	1380	1772	160	60	1102	1032	262	900	3200	581	12	27	35	26	210	701	605	68	489	124	313	128	63	58	484	15	38	364
g__Streptococcus	4835	173	1502	108	36	280	28321	63	608	2208	3802	125	1470	405	80	114	3094	20351	217	207	318	151	1709	2214	683	139	45	1654	748	54	132	242	232	502	111	19929	1373	265	170	221	177	117	39	70	75	88	278	100	209	910	37	95	73	389	293	80	116	342	6365	175
g__Sporichthyaceae	0	0	0	0	0	0	0	0	0	0	0	0	0	0	0	0	0	10	0	0	0	7	5	0	14	6	0	4	0	0	0	0	0	0	0	0	0	0	0	0	0	0	0	0	0	0	0	0	0	0	0	0	0	0	0	0	0	0	0	0
g__Sphingobium	0	0	0	0	0	0	0	0	0	85	0	0	0	4	0	0	0	0	0	0	0	0	0	0	0	0	0	0	0	0	0	0	0	0	0	0	0	0	0	0	0	0	0	0	0	0	0	0	0	0	0	0	0	0	0	27	0	50	0	0
g__Solobacterium	0	0	0	0	0	0	0	0	13	6	0	0	0	0	0	0	0	0	6	0	0	0	0	0	0	0	0	0	0	0	0	0	0	2	0	0	0	0	0	0	0	1	0	0	0	0	0	0	0	1	0	0	0	0	0	0	0	0	0	0
g__SL56_marine_group	0	0	0	0	0	0	0	0	0	0	0	0	0	0	0	0	0	0	0	2	0	0	5	3	0	0	0	0	0	0	0	0	0	0	0	0	0	0	0	0	0	0	0	0	0	0	0	0	0	0	0	0	0	0	0	0	0	0	0	0
g__Shewanella	0	0	0	0	0	0	0	0	0	0	0	0	0	0	0	0	0	0	0	0	0	0	0	0	0	0	0	0	0	0	0	0	0	0	0	0	0	0	0	0	0	24	69	43	26	27	11	32	51	28	49	30	28	12	0	0	0	0	0	0
g__Sellimonas	0	0	0	0	0	0	0	0	174	0	0	365	9	0	97	18	12	73	74	101	0	42	0	327	50	27	10	31	11	27	10	29	8	0	9	0	0	12	7	0	12	5	0	3	0	0	0	0	9	0	0	2	0	0	37	0	9	0	0	0
g__Sediminibacterium	0	0	0	0	0	0	0	0	0	0	0	0	0	0	0	0	12	0	0	7	0	0	0	0	0	0	14	3	0	0	0	0	0	0	0	0	0	0	0	0	0	0	0	0	0	0	0	0	0	0	0	0	0	0	0	0	0	0	0	0
g__SC-I-84	0	0	1	0	0	0	0	0	0	3	0	0	0	0	0	0	0	0	0	0	0	0	0	0	0	0	0	0	0	0	0	0	0	0	0	0	0	0	0	0	0	0	0	0	0	0	0	0	0	0	0	0	0	0	0	0	0	0	2	0
g__Saccharimonadales	0	0	0	0	0	0	0	0	0	392	0	0	3	0	0	0	0	0	0	0	0	0	0	0	0	0	0	0	0	0	0	0	0	0	0	0	3	0	0	0	0	0	0	0	0	1	0	0	1	0	0	0	0	0	0	0	0	0	0	0
g__Saccharimonadaceae	0	0	0	0	0	0	0	0	0	237	0	0	0	0	0	0	0	0	0	0	0	0	0	0	0	0	0	4	6	0	0	0	0	5	0	0	7	0	0	0	0	0	0	0	0	1	0	0	0	0	0	0	0	0	0	0	0	0	0	0
g__Ruminococcus	14	26	26	9	6	30	27	0	0	8	17	30	15	14	143	217	79	161	1486	378	43	139	25751	468	161	1656	87	206	85	0	46	629	537	4836	29	18	30	290	406	704	713	23	4	17	20	8	17	50	22	10	1	26	446	9	25	13	22	3	14	28
g__Ruegeria	0	0	0	0	0	3	0	0	2	0	0	0	0	0	0	0	0	0	0	0	0	0	0	0	0	0	0	0	0	0	0	0	0	0	0	0	0	0	0	0	0	0	0	0	0	0	0	0	0	0	0	0	0	0	0	0	3	3	0	4
g__Rothia	0	0	0	0	0	0	0	0	0	0	0	0	0	0	0	0	0	0	0	0	0	0	0	0	0	0	0	0	0	0	1	0	0	0	0	0	9	0	0	0	3	0	0	0	0	0	0	0	0	0	0	0	0	0	0	0	0	0	0	0
g__Roseburia	0	9	36	29	0	1494	10	0	319	16	14	0	0	6	205	169	12	160	855	464	19	151	0	316	47	1205	1313	268	87	0	74	516	79	0	23	12	36	1592	541	1829	245	481	48	127	176	105	106	2712	2914	106	88	286	1257	136	131	0	384	0	238	244
g__Romboutsia	89	327	202	24	6	22	11	0	89	11	11	63	15	12	81	177	93	556	297	1570	553	10563	34	2990	82	248	145	1524	395	27	178	186	404	49	372	44	743	132	202	138	38	129	5	10	97	4	7	26	90	10	72	138	90	16	201	16	67	11	55	39
g__RF39	0	0	0	0	0	0	0	0	0	0	0	0	0	0	2	0	0	0	10	4	0	0	0	0	4	56	0	3	0	0	0	1	0	0	0	0	0	99	0	0	0	0	0	0	0	0	0	0	0	0	0	0	0	0	0	0	0	0	0	0
g__Ramlibacter	0	0	0	0	0	0	0	0	0	169	0	0	0	0	0	0	0	0	0	0	0	0	0	0	0	0	0	0	0	0	0	0	0	2	0	0	0	0	0	0	0	0	0	0	0	0	0	0	0	0	0	0	0	0	0	0	0	172	0	0
g__Ralstonia	0	0	0	0	0	0	0	0	0	0	0	0	0	0	0	0	5	0	0	0	0	11	8	0	0	0	0	0	6	0	5	0	0	0	0	0	0	0	0	0	0	0	0	0	0	0	0	0	0	0	0	0	0	0	0	0	0	0	0	0
g__Pyramidobacter	0	0	0	3	0	2	0	0	0	0	0	227	0	0	0	0	0	0	0	0	0	0	0	0	0	0	0	0	0	0	0	0	0	0	0	0	0	0	0	0	0	0	0	0	0	0	0	0	3	0	0	0	3	0	0	0	0	0	0	0
g__Pseudomonas	0	2	0	8	2	4	4	0	0	0	11	0	0	0	0	0	0	0	0	0	0	0	0	0	0	0	0	0	0	0	0	0	0	0	0	0	0	10	7	0	3	0	0	0	0	0	0	0	0	0	0	0	0	0	7	0	13	5	5	0
g__Pseudoalteromonas	0	0	0	0	0	0	0	0	0	0	0	0	0	0	0	0	0	0	0	0	0	0	0	0	0	0	0	0	0	0	0	0	0	0	0	0	0	0	0	0	0	101	241	171	130	91	51	111	190	106	162	92	132	52	0	0	0	0	0	0
g__Pseudarcicella	0	0	0	0	0	0	0	0	0	0	0	0	0	0	0	0	3	0	0	0	7	0	0	0	0	3	0	0	0	0	0	3	0	0	0	0	0	0	0	0	0	0	0	0	0	0	0	0	0	0	0	0	0	0	0	0	0	0	0	0
g__Proteus	38	25	32	339	701	0	23	0	27	7	1471	8	13	5	44	0	0	0	0	0	0	0	0	0	0	0	0	0	0	0	0	0	22	4	6	16	27	7	0	3	5	0	14	5	0	4	0	4	8	6	301	0	3	0	16	19	15	70	3	0
g__Prevotella	0	2075	1654	0	94	57	0	118	69	0	0	62	212	0	25	205	0	11	0	42	35	0	0	0	0	233	43	0	0	6	0	0	23	0	47	0	7	583	8376	83	523	135	7	347	500	53	358	295	80	20760	226	92	440	382	81	31	45	28	11	45
g__Plesiomonas	0	0	0	0	0	0	0	0	0	0	0	0	0	0	0	0	0	0	0	0	0	0	0	0	0	0	0	0	0	0	0	0	0	0	0	0	0	2	0	0	0	0	32	0	0	184	0	0	0	6	0	0	0	0	0	0	0	0	0	0
g__Piscinibacter	0	0	0	0	0	0	0	0	0	127	0	0	0	0	0	0	0	0	0	0	0	0	0	0	0	0	0	0	0	0	0	0	0	0	0	0	0	0	0	0	0	0	0	0	0	0	0	0	0	0	0	0	0	0	0	3	0	97	0	0
g__Phreatobacter	5	0	0	0	0	0	0	0	0	130	0	0	0	0	0	0	0	0	0	0	0	0	0	0	0	0	0	0	0	0	0	0	0	0	0	0	0	0	0	0	0	0	0	0	0	0	0	0	0	0	0	0	0	0	0	0	0	168	0	0
g__PHOS-HE36	0	0	0	0	0	0	0	0	0	0	5	0	0	0	0	0	0	0	0	0	0	0	0	0	0	0	0	0	0	0	0	0	0	0	0	0	5	0	0	0	0	0	0	0	0	0	0	0	0	0	0	0	0	0	0	0	11	0	0	0
g__Phocea	0	0	0	0	0	0	0	0	0	0	0	0	0	0	0	0	9	0	0	0	0	0	0	0	0	0	0	0	0	0	0	2	0	0	0	0	0	9	0	0	0	0	0	0	0	0	0	0	0	0	0	0	0	0	0	0	0	0	0	0
g__Phascolarctobacterium	15	509	30	1	0	2472	4	0	1	6	18	2	99	0	0	11	114	25	36	30	0	0	0	0	0	40	272	6	0	13	0	7	62	5	1872	337	42	2163	15	11	316	82	13	22	3551	65	49	35	7833	26	79	49	18	29	0	0	9	0	55	0
g__Peptostreptococcus	0	15	0	0	270	0	0	0	0	31	0	0	5	5	0	0	0	0	0	0	0	3	0	0	0	0	0	0	0	0	3	0	3	479	0	0	0	7	0	0	0	13	0	0	7	0	0	44	0	0	0	0	0	12	0	0	133	248	0	8
g__Peptoniphilus	0	0	0	0	0	0	0	0	0	0	0	0	0	0	0	0	0	0	0	0	0	0	0	0	0	0	0	0	0	0	0	0	0	0	0	0	0	0	0	0	0	1	0	0	0	0	0	0	0	0	0	0	0	0	0	4	0	0	0	0
g__Peptococcus	0	0	0	0	0	0	0	0	0	0	0	0	0	0	0	0	2	0	0	249	0	5	0	73	0	5	0	0	0	0	0	0	0	0	0	0	0	0	0	0	0	0	0	0	0	0	0	0	0	0	0	0	0	0	0	0	0	0	0	0
g__Pediococcus	0	21	0	7	15	4	28	0	0	40	0	23	18	64	0	0	0	0	0	0	0	0	0	0	0	0	0	0	0	0	0	0	10	12	0	42	18	30	0	17	15	0	0	0	0	0	0	0	0	0	0	0	0	0	0	14	14	23	24	22
g__Parvimonas	0	0	12	0	0	0	0	0	0	0	0	0	0	0	0	0	0	0	0	0	0	0	0	0	0	0	0	0	0	0	0	0	0	0	0	0	0	0	0	0	0	5	4	41	0	0	0	81	10	2	7	2	0	0	0	0	0	0	0	0
g__Parasutterella	2	4	0	0	0	0	3	3	4	0	0	0	4	1	0	0	0	0	0	5	1321	0	3	0	0	16	0	0	0	135	5	0	389	51	527	487	7	0	6	266	61	4249	116	5177	669	62	66	196	763	139	92	92	594	49	62	0	0	0	0	198
g__Paraeggerthella	0	0	0	0	0	0	0	0	0	0	0	0	0	0	0	0	0	0	0	0	0	0	0	0	0	0	0	0	0	0	0	0	0	0	0	0	0	0	0	0	0	0	0	34	3	0	0	0	0	0	0	0	0	0	0	0	0	0	0	0
g__Parabacteroides	0	751	30	0	16	118	0	770	0	6	0	5756	1	0	110	19	852	297	37	0	498	39	1889	30	0	415	1472	12	15	6465	12	427	1647	35	227	114	7	1836	825	329	997	186	1	40	449	8	291	80	85	4	16	13	308	24	3	3	279	0	94	64
g__Oscillibacter	0	0	0	0	0	0	0	0	0	0	0	0	0	0	0	0	9	0	6	0	0	0	0	17	0	17	9	0	0	0	0	0	15	4	0	0	0	37	14	0	6	0	0	0	4	0	0	6	7	0	0	0	0	0	108	0	0	0	11	0
g__OLB14	5	4	3	0	0	0	0	0	0	0	3	4	0	0	0	0	0	0	0	0	0	0	0	0	0	0	0	0	0	0	0	0	0	0	0	3	0	0	1	0	0	0	0	0	0	0	0	0	0	0	0	0	0	0	0	0	0	0	0	4
g__Odoribacter	0	39	17	0	0	0	0	0	0	0	0	100	0	0	0	0	45	0	0	0	5	0	0	0	0	11	0	0	0	0	0	0	53	0	2	3	0	465	3	68	55	4	0	11	221	3	29	60	0	5	6	3	43	7	0	0	131	0	0	0
g__NS11-12_marine_group	0	0	0	0	0	0	0	0	0	0	0	0	0	0	0	0	9	6	0	0	0	0	0	0	0	5	0	0	0	0	0	0	0	0	0	0	0	0	0	0	0	0	0	0	0	0	0	0	0	0	0	0	0	0	0	0	0	0	0	0
g__Novosphingobium	0	6	0	0	2	0	0	3	14	1808	9	3	6	23	0	0	0	0	0	0	0	0	0	0	0	0	0	0	0	0	0	0	0	0	1	6	7	6	6	0	5	0	0	0	0	0	0	0	0	0	0	0	0	0	0	262	0	1103	0	0
g__Noviherbaspirillum	0	0	0	0	0	0	0	0	0	103	0	0	0	0	0	0	0	0	0	0	0	0	0	0	0	0	0	0	0	0	0	0	0	0	0	0	0	0	0	0	0	0	0	0	0	0	0	0	0	0	0	0	0	0	0	1	0	56	0	0
g__NK4A214_group	0	12	0	0	0	0	0	0	0	0	0	0	0	0	0	0	0	14	0	0	0	0	0	0	0	48	0	0	0	0	0	0	0	0	0	0	0	44	60	0	16	0	0	0	0	0	2	5	0	0	0	0	1	0	0	0	25	0	0	0
g__Nitrospira	0	0	0	0	0	0	0	0	2	0	0	0	0	2	0	0	0	0	0	0	0	0	0	0	0	0	0	0	0	0	0	0	0	0	0	0	2	3	0	0	1	0	0	0	0	0	0	0	0	0	0	0	0	0	0	0	0	0	0	0
g__Negativibacillus	0	0	0	0	0	0	0	0	905	0	4	0	0	2	0	6	0	0	0	0	0	0	0	0	0	20	0	0	0	0	0	0	0	8	0	4	0	68	6	0	21	0	0	0	0	0	3	20	21	0	0	0	0	1	48	0	0	3	0	7
g__Mycobacterium	18	23	35	12	6	9	18	5	24	34	21	15	7	20	0	0	0	0	0	0	0	0	0	0	0	0	0	0	0	0	0	0	37	35	12	40	25	24	30	17	17	0	0	0	0	0	0	0	0	0	0	0	0	0	32	10	25	18	15	14
g__Muribaculaceae	0	0	0	0	0	0	0	0	0	0	0	0	0	0	0	0	0	0	0	0	0	0	0	0	0	0	6	10	0	0	6	1	0	1	0	0	0	0	559	0	0	0	0	0	0	0	0	0	0	0	0	0	0	0	0	0	0	0	2	0
g__Moryella	0	0	0	0	0	0	0	0	0	0	0	0	0	0	0	0	0	9	0	0	0	0	0	0	0	13	0	0	0	0	0	0	18	0	0	0	0	19	7	16	16	0	0	0	0	0	0	0	0	0	0	0	0	0	0	0	0	0	0	0
g__Morganella	17	12	699	301	72	0	15	405	16	0	17	0	4	1	0	0	0	0	0	0	24	0	0	0	0	0	0	0	0	0	0	0	13	0	3	0	5	0	3	0	0	37	89	31	17	35	10	12	46	34	2046	9	15	12	6	4	0	73	5	0
g__Monoglobus	0	0	79	3	5	45	7	8	26	0	14	0	74	8	14	118	120	0	58	115	0	27	8	163	41	136	22	429	18	9	7	85	81	148	55	141	660	317	299	266	164	0	0	2	0	0	4	8	41	0	0	4	28	0	458	6	75	6	200	22
g__Mogibacterium	0	0	0	0	0	0	0	0	0	0	0	0	0	0	0	0	0	0	0	0	0	0	0	6	0	0	0	0	0	0	0	2	0	0	0	2	0	0	0	0	0	0	0	0	0	0	0	0	0	0	0	0	0	0	0	0	0	0	1	0
g__Mitochondria	0	0	0	0	0	0	0	0	0	0	0	0	0	1	0	0	0	0	0	0	0	0	0	0	0	0	0	0	0	0	0	0	0	0	4	0	0	0	0	0	0	0	0	0	0	0	0	0	0	0	0	0	0	0	1	0	4	2	0	0
g__Microbacterium	0	0	0	0	0	0	0	0	0	0	0	0	0	0	0	0	0	0	0	0	0	0	0	0	0	0	0	0	0	0	0	0	0	0	0	0	0	0	0	0	0	3	4	2	0	0	7	0	0	2	2	0	8	0	0	0	0	0	0	0
g__Methyloversatilis	0	0	0	0	0	0	0	0	0	1	0	0	0	0	0	0	0	0	0	0	0	0	0	0	0	0	0	0	0	0	0	0	0	0	0	3	0	0	0	5	0	0	0	0	0	0	1	0	3	2	1	0	2	0	0	0	0	0	0	0
g__Methylobacterium-Methylorubrum	0	0	0	0	0	0	0	0	0	27	0	0	0	0	0	0	0	0	0	0	0	0	0	0	0	0	0	0	0	0	0	0	0	0	0	0	3	0	0	0	0	0	0	0	0	0	0	0	0	0	0	0	0	0	0	0	0	37	0	0
g__Megasphaera	14	0	0	0	54	0	0	0	0	0	12	0	0	0	45	267	150	29	36	3058	61	40	44	44	525	94	17	74	54	18562	17	32	0	12	0	13	4	286	7	0	0	7731	19	50	601	20	88	49	538	23	83	45	50	35	0	0	0	27	9	0
g__Megamonas	28	53	1028	56	7	60	35	10	12	76	114	44	3392	75	11	5332	12334	33	39	3343	26	29	30	51	26	65	29	3824	34	710	15	396	74	44	58	48	58	1991	28	32	48	145	28	63	1241	6455	91	82	330	55	10136	108	72	68	56	19	75	36	10839	73
g__Marvinbryantia	0	0	0	0	0	22	0	0	13	0	0	0	89	0	0	24	0	51	0	18	0	0	0	25	0	42	0	26	78	0	0	0	20	0	0	0	0	104	73	19	38	0	0	0	0	0	0	0	0	0	0	0	0	0	0	0	39	0	0	0
g__Marinomonas	0	0	0	0	0	0	0	0	0	0	0	0	0	0	0	0	0	0	0	0	0	0	0	0	0	0	0	0	0	0	0	0	0	0	0	0	0	0	0	0	0	18	22	15	0	18	11	17	34	6	19	19	10	5	0	0	0	0	0	0
g__Marinobacter	0	0	12	4	0	6	4	0	12	1	6	8	0	0	0	0	0	0	0	0	0	0	0	0	0	0	0	0	0	0	0	0	11	5	3	0	9	0	9	0	0	0	0	0	0	0	0	0	0	0	0	0	0	0	14	4	0	4	0	3
g__Lysobacter	0	0	4	0	0	0	0	0	0	0	0	0	0	0	0	0	0	0	0	0	0	0	0	0	0	0	0	0	0	0	0	0	5	0	0	0	0	0	0	0	3	0	0	0	0	0	0	0	0	0	0	0	0	0	0	0	0	0	0	0
g__Lutibacter	0	2	0	0	0	0	4	0	0	0	0	0	0	0	0	0	0	0	0	0	0	0	0	0	0	0	0	0	0	0	0	0	0	0	0	4	0	5	0	0	0	0	0	0	0	0	0	0	0	0	0	0	0	0	2	0	0	0	0	0
g__Limnohabitans	0	0	0	0	0	0	0	0	0	0	0	0	0	0	4	0	0	3	0	0	27	0	4	0	0	11	26	5	19	0	16	6	0	0	0	0	0	0	0	0	0	0	0	0	0	0	0	0	0	0	0	0	0	0	0	0	0	0	0	0
g__Leuconostoc	122	4	0	0	0	0	2	0	0	0	0	1	0	0	0	0	0	0	0	0	0	0	0	0	0	0	0	0	0	0	0	0	1	0	0	0	0	0	0	0	2	0	0	0	0	0	0	0	0	0	0	0	0	0	14	0	0	0	2	0
g__Lentimicrobium	0	0	0	0	0	0	0	0	3	0	0	2	0	0	0	0	0	0	0	0	0	0	0	0	0	0	0	0	0	0	0	0	0	0	0	0	0	0	2	0	0	0	0	0	0	0	0	0	0	0	0	0	0	0	0	0	0	0	0	0
g__Lactococcus	2169	8	23	15	0	7	49	5	5	4766	37	40	8	54	0	0	0	0	0	0	0	0	0	0	0	0	0	0	0	0	0	0	26	13	14	60	35	25	8	13	19	8	0	3	0	1	9	6	18	9	0	9	7	8	34	0	15	5542	15	15
g__Lactobacillus	32	10	125	24	282	20	45	16	71	69	31	1235	15	65	25	138	136	334	108	253	31	41	70	857	69	121	39	111	72	91	36	193	81	23	25	12638	38	22	9	85	14	0	0	6	0	0	0	0	8	89	0	4	0	0	11	2	41	100	42	15
g__Lachnospiraceae_UCG-010	2	11	183	0	0	148	0	20	0	10	10	8	17	9	0	4	2	88	15	15	0	0	0	8	0	122	55	6	0	0	0	16	43	9	37	0	13	53	124	70	99	12	2	6	12	5	10	320	31	6	7	13	23	5	11	0	420	3	6	129
g__Lachnospiraceae_UCG-004	0	14	68	7	0	12	8	40	6	5	8	21	9	0	0	0	0	0	0	0	0	0	0	0	0	0	0	0	0	0	0	0	23	38	18	5	31	29	31	44	18	128	0	51	0	0	52	46	89	0	0	49	0	0	14	2314	23	27	8	67
g__Lachnospiraceae_UCG-001	0	0	0	0	0	0	0	0	0	0	0	0	0	0	0	0	0	0	0	0	0	0	0	0	0	50	0	0	0	0	0	0	0	0	0	0	0	0	11	0	0	0	0	0	0	5	0	0	0	0	0	0	53	3	0	0	0	0	0	0
g__Lachnospiraceae_NK4A136_group	2	605	1432	17	5	550	8	0	19	18	0	17	50	15	0	90	53	59	68	23	12	45	0	709	19	673	187	121	62	0	31	0	941	252	55	51	91	1195	4198	286	2282	34	2	14	12	0	36	99	112	6	8	46	354	22	466	0	27	13	28	84
g__Lachnospiraceae_ND3007_group	0	0	22	0	0	29	0	0	2	0	7	0	47	0	0	106	66	41	23	62	0	91	0	101	0	160	81	22	29	32	8	0	31	52	30	16	62	150	101	10	29	8	0	7	0	0	3	8	16	0	0	8	19	7	0	102	40	12	0	448
g__Lachnospiraceae_FCS020_group	0	0	76	0	0	0	0	0	2	0	0	0	0	0	0	32	0	0	0	14	0	0	0	0	0	0	0	1	25	0	0	3	0	0	13	0	73	40	33	35	0	8	0	0	0	0	0	8	0	0	0	0	0	0	61	0	0	0	0	0
g__Lachnospira	0	9	0	2	6	30	0	0	8	0	0	8	9	0	59	30	30	23	47	20	88	28	0	25	13	221	4494	82	52	0	0	130	23	20	53	10	185	199	23	16	28	212	47	169	200	112	119	250	3022	92	98	3737	419	137	41	22	32	0	12	1492
g__Lachnoclostridium	17	506	521	2137	171	807	12	1039	112	42	43	872	200	17	244	238	161	44	68	158	580	93	0	93	37	149	285	75	61	0	12	314	236	352	847	428	307	157	273	500	168	605	143	1666	1768	219	244	933	4552	257	522	1143	566	1424	153	61	458	52	293	484
g__Kluyvera	0	13	0	28	0	0	0	52	0	0	0	0	0	0	0	0	0	0	0	0	0	0	0	0	0	0	0	0	0	0	0	0	0	0	0	0	0	0	0	0	0	0	0	0	0	0	0	0	0	0	0	0	0	0	0	0	0	0	0	0
g__Klebsiella	3876	295	3903	1024	67	42	11033	2121	548	212	174	52	1022	53	132	42	30	335	28	164	133	108	57	39	13	90	27	29	187	20	316	50	353	58	215	806	1966	64	72	76	269	230	41095	410	261	574	160	339	540	678	911	287	425	124	399	70	150	100	79	52
g__Intestinimonas	0	0	0	0	0	0	0	0	0	0	0	0	0	0	0	0	0	0	0	0	0	0	0	0	0	0	0	0	0	0	0	0	0	0	0	0	0	0	0	0	0	1	0	0	42	0	0	0	3	0	0	3	0	0	0	0	0	0	0	0
g__Intestinibacter	7	273	201	858	0	14	19	0	4632	31	24	210	164	23	149	100	60	61	3853	874	155	1147	26	4132	45	293	72	228	6433	20	38	93	47	225	48	101	43	105	28	18	28	13	3	10	88	46	3	2	0	0	8	7	17	0	26	5	262	23	127	22
g__Incertae_Sedis	0	62	2	0	0	14	0	9	27	0	0	1	14	0	0	22	28	36	46	74	36	115	34	75	0	196	0	39	0	9	71	10	54	20	8	0	90	68	64	39	21	40	0	4	17	9	7	3	39	20	6	8	5	11	7	0	12	0	16	16
g__IheB3-7	0	0	0	0	2	0	0	0	5	0	4	1	2	0	0	0	0	0	0	0	0	0	0	0	0	0	0	0	0	0	0	0	0	0	0	0	0	6	0	0	0	0	0	0	0	0	0	0	0	0	0	0	0	0	4	2	0	0	4	0
g__Hyphomonas	0	0	12	0	0	0	0	0	7	0	0	0	0	5	0	0	0	0	0	0	0	0	0	0	0	0	0	0	0	0	0	0	13	0	0	0	0	0	0	0	0	0	0	0	0	0	0	0	0	0	0	0	0	0	0	0	0	3	4	10
g__Hyphomicrobium	0	0	0	0	3	0	0	0	0	0	0	0	0	0	0	0	0	0	0	0	0	0	0	0	0	0	0	0	0	0	0	0	0	0	0	0	0	0	0	0	0	0	0	0	0	0	0	0	0	0	0	0	0	0	0	0	0	0	3	1
g__Hydrotalea	0	0	0	0	0	0	0	0	5	835	0	0	3	8	0	0	0	0	0	0	0	0	0	0	0	0	0	0	0	0	0	0	2	0	0	0	0	0	0	3	0	0	0	0	0	0	0	0	0	0	0	0	0	0	0	8	0	824	0	0
g__Hungatella	0	7	18	56	0	0	0	0	0	0	7	229	0	6	133	0	0	12	0	0	224	0	0	9	0	14	10	0	0	0	0	73	0	0	0	0	0	0	0	7	0	56	14	593	569	23	27	80	142	22	25	88	62	44	12	0	6	0	40	0
g__Holdemania	0	0	0	0	0	0	0	0	0	0	0	0	0	0	0	0	0	0	0	0	0	0	0	0	0	0	0	0	0	0	0	0	8	0	0	0	0	0	0	0	11	0	0	0	0	0	0	7	0	0	0	0	0	0	0	0	0	0	0	0
g__Holdemanella	0	0	11	0	0	0	0	0	214	4	0	0	0	5	14	24	11	25	10400	28	0	24	0	15	0	2915	9	16	32	0	7	9	0	1	3	0	0	2	0	0	2	0	0	0	0	0	0	0	0	0	0	0	0	0	0	0	1573	0	0	0
g__hgcI_clade	0	0	0	0	0	0	0	0	0	0	0	0	0	0	0	5	25	14	0	26	34	16	32	14	60	17	3	0	4	29	0	0	0	0	0	0	0	0	0	0	0	0	0	0	0	0	0	0	0	0	0	0	0	0	0	0	0	0	0	0
g__Haemophilus	19	16	26	14	11	6021	6	18	19	10	22	12	17	7	14	258	5	88	0	11	18	4585	11	0	0	10	18	0	86	0	42	450	888	65	16	1948	966	8	9	0	0	31	12	37	0	8	19	152	12	221	18	9	25	122	20	68	25	17	9	18
g__Granulicatella	0	0	0	0	0	0	0	0	23	14	0	0	0	0	0	0	0	26	0	0	0	0	7	5	3	0	0	0	39	0	0	24	5	14	2	17	64	0	0	0	0	3	0	0	0	0	0	0	5	12	0	0	0	39	0	0	6	0	20	0
g__Gemella	0	0	0	0	0	5	0	0	16	6	4	0	0	4	0	0	0	8	0	0	0	8	0	0	11	0	0	0	0	0	0	0	0	11	4	0	15	0	0	5	0	9	0	0	0	0	0	9	6	0	0	0	0	7	0	0	0	0	4	0
g__Fusobacterium	345	0	5	3	0	5908	0	54	666	0	7	4	665	0	2	2	11	4	0	3	5	48	0	0	0	7	88	0	8	146	270	8038	0	5	0	0	786	0	0	118	185	151	77	3245	181	22393	105	138	442	97	104	15054	129	102	2	0	417	1672	0	0
g__Fusicatenibacter	17	48	245	39	14	182	19	12	65	24	30	52	61	21	82	1386	1267	1539	1303	419	96	503	46	1954	1211	312	255	3748	544	35	141	213	583	1276	1174	332	2521	312	219	413	629	140	3	26	24	11	33	65	273	81	37	26	51	24	1928	27	381	20	257	186
g__Fusibacter	0	0	6	0	2	0	6	0	0	8	0	4	0	0	0	0	0	0	0	0	0	0	0	0	0	0	0	0	0	0	0	0	3	0	0	0	6	0	13	0	0	0	0	0	0	0	0	0	0	0	0	0	0	0	0	0	8	0	0	5
g__Fournierella	0	0	0	0	0	0	0	0	0	0	0	0	0	0	0	19	0	0	10	18	0	0	0	13	0	9	7	0	7	0	0	0	0	0	0	0	0	6	0	0	0	0	0	0	0	0	0	0	0	0	0	0	0	0	0	0	0	0	0	0
g__Flavonifractor	3	78	4	0	0	6	0	42	0	1	0	46	0	0	138	9	60	10	25	11	181	5	0	22	0	21	0	50	11	106	0	94	22	37	3	13	0	41	27	0	8	24	0	88	223	10	10	18	162	6	25	23	27	7	215	17	35	7	30	13
g__Fenollaria	0	3	0	0	0	0	0	0	4	0	0	0	0	0	0	0	8	0	0	0	0	0	0	0	0	0	0	0	0	0	0	0	0	0	0	0	0	0	0	0	0	0	0	0	0	0	0	2	4	1	0	0	0	0	0	0	0	0	0	0
g__Family_XIII_UCG-001	0	0	0	0	0	0	0	0	0	0	0	0	0	0	0	0	25	0	0	0	0	0	0	0	0	42	4	0	0	0	2	0	0	0	0	0	0	39	65	0	15	0	0	0	0	0	0	0	0	0	0	0	2	0	0	0	0	0	5	0
g__Family_XIII_AD3011_group	0	0	27	0	0	0	0	0	0	0	0	1	0	0	0	0	0	17	0	0	0	0	0	0	0	0	0	0	19	0	0	0	0	8	0	0	0	10	26	2	4	0	0	0	2	0	1	2	0	0	0	0	0	0	0	0	0	0	0	0
g__Faecalitalea	0	0	0	0	0	0	0	0	0	0	0	0	0	0	0	0	0	11	29	10	11	8	0	15	0	42	0	0	32	0	0	0	0	0	0	0	0	0	0	4	0	0	0	1	0	0	2	0	34	0	0	0	0	0	0	0	0	0	0	0
g__Faecalicoccus	0	0	0	0	0	0	0	0	0	0	0	0	0	0	0	0	0	0	29	0	0	0	8	13	0	12	0	0	0	0	0	0	0	0	0	0	0	0	0	0	0	0	0	0	0	0	0	0	0	0	0	0	0	0	0	0	0	0	0	0
g__Faecalibacterium	293	630	953	68	88	2938	85	61	184	183	163	140	161	195	90	10566	2885	1617	4366	3367	209	318	133	11161	28	854	3203	308	419	695	18	66	10627	2454	5037	1083	2695	3401	2956	11591	12969	2051	164	251	1948	228	4672	9874	1068	773	1108	11315	5202	14252	3001	11372	3925	148	155	8910
g__Eubacterium	0	0	0	0	0	0	0	0	27	0	0	0	25	0	55	0	6	0	8	14	25	9	0	9	2	0	0	0	6	0	8	0	0	0	0	0	2	0	0	0	0	0	0	0	0	0	0	0	0	0	0	0	0	0	0	0	2	0	12	0
g__Escherichia-Shigella	27041	18232	7755	9852	6137	204	3112	8166	34079	2977	9927	3819	6647	255	4423	101	156	175	227	588	2993	439	877	87	47	402	210	88	5257	52	21219	219	9018	1626	589	781	6105	329	246	314	2103	403	1458	3089	1692	8582	269	1004	1559	8221	13302	1235	469	97	6565	12621	3368	11236	4568	166
g__Erysipelotrichaceae_UCG-003	66	206	569	18	4	8	6	19	7	18	0	9	13	23	29	528	49	25	1741	751	15	48	4	491	372	189	12	22	4058	7	20	0	415	8	1884	14	2319	149	41	449	432	35	0	6	0	0	16	0	7	21	0	36	8	3	461	0	46	10	3	148
g__Erysipelatoclostridium	0	81	10	634	70	67	1	314	16	0	0	27	207	5	139	7	0	8	30	9	113	25	9	15	5	0	14	143	16	13	383	11	1	19	0	14	22	11	0	0	0	2	0	131	0	18	0	3	26	3	4	0	1	6	0	29	12	16	106	6
g__Enterococcus	185	371	167	885	180	87	134	55	95	503	899	96	102	44833	118	385	298	1004	247	367	130	222	165	353	95	322	155	426	287	137	124	133	142	116	75	214	182	137	127	79	114	452	1	0	9	4	10	14	35	9	13	5	12	475	529	75	156	16495	128	95
g__Enterobacter	356	24	15	0	3	0	28	257	11	0	0	0	0	3	0	0	0	0	0	451	0	7	0	0	0	0	0	0	0	0	33	20	14	0	57	791	35	13	0	0	32	16	1145	24	0	26	19	55	17	78	205	19	28	0	0	3	15	1	0	0
g__Eisenbergiella	0	220	0	0	0	0	0	0	23	0	0	0	0	0	206	0	0	0	0	0	25	0	0	0	0	0	0	0	0	0	0	0	0	0	0	0	0	0	0	0	0	12	0	190	0	0	6	20	38	2	0	16	14	0	0	0	0	0	0	0
g__Eikenella	0	0	0	0	0	0	0	0	0	0	0	0	0	0	0	0	0	0	0	0	0	0	0	0	0	0	0	0	0	0	0	0	0	0	0	0	0	0	0	0	0	5	0	0	18	0	0	0	0	0	0	0	0	11	0	0	0	0	0	0
g__Eggerthella	0	0	10	0	0	0	0	0	0	0	0	6	23	0	0	0	20	0	0	0	17	0	1	0	0	0	8	0	18	0	0	0	0	0	0	11	0	0	0	0	1	6	0	0	0	0	0	3	0	0	0	0	0	0	0	0	0	0	0	0
g__DSSD61	1	0	0	0	0	0	0	0	0	450	0	0	0	5	0	0	0	0	0	0	0	0	0	0	0	0	0	0	0	0	0	0	0	3	4	0	0	0	0	0	0	0	0	0	0	0	0	0	0	0	0	0	0	0	2	21	0	520	0	0
g__Dorea	20	67	619	22	24	389	25	128	28	38	80	19	70	28	104	887	476	661	694	160	1136	217	45	428	2054	328	166	3256	1152	9	112	70	475	65	565	40	1619	229	3127	1021	491	236	2	23	30	0	31	66	116	107	7	49	25	4	1127	42	914	19	55	126
g__Dialister	77	51	100	47	231	39	65	1256	54	94	91	6529	62	51	23	4376	34	63	17	2102	11	16	16	87	0	16	0	14	8	48	0	0	108	4178	47	63	83	740	95	74	57	1090	90	582	496	102	14920	1788	465	159	128	139	353	124	252	108	8264	211	50	2430
g__Desulfuromonadaceae	9	0	12	4	0	0	0	0	8	0	0	4	0	12	0	0	0	0	0	0	0	0	0	0	0	0	0	0	0	0	0	0	10	10	0	0	10	0	6	1	0	0	0	0	0	0	0	0	0	0	0	0	0	0	6	0	5	7	10	0
g__Desulfovibrio	0	0	0	0	0	0	0	0	0	0	0	0	0	0	0	0	0	0	22	0	0	0	0	0	0	191	0	0	0	0	0	3	0	0	0	0	0	37	48	3	0	0	0	13	0	0	0	0	0	0	0	0	0	0	1	0	0	0	0	0
g__Desulfoprunum	5	0	0	0	0	0	0	0	4	0	0	0	0	2	0	0	0	0	0	0	0	0	0	0	0	0	0	0	0	0	0	0	3	0	0	0	2	0	0	0	0	0	0	0	0	0	0	0	0	0	0	0	0	0	0	0	0	0	0	0
g__Denitromonas	301	173	211	138	99	161	181	164	261	192	206	139	158	173	0	0	0	0	0	0	0	0	0	0	0	0	0	0	0	0	0	0	209	165	115	187	243	158	151	115	136	0	0	0	0	0	0	0	0	0	0	0	0	0	169	103	143	199	110	118
g__Corynebacterium	0	0	8	0	0	0	0	8	0	33	0	0	0	0	0	0	0	0	0	0	0	0	0	0	0	0	0	0	0	0	0	0	0	0	0	0	0	0	0	0	0	0	0	0	0	0	0	0	0	0	0	0	0	0	0	18	0	15	0	0
g__Coprococcus	10	26	1131	29	10	380	11	35	15	15	36	25	36	14	13	252	97	121	473	112	46	32	8	251	0	443	381	834	313	0	27	23	218	1764	103	18	82	73	922	342	628	35	0	0	0	0	22	15	11	0	0	0	30	0	44	23	111	13	30	28
g__Collinsella	0	1	64	0	0	1	0	0	5	3	2	0	134	2	0	351	46	304	137	0	0	409	2918	518	93	24	210	0	113	48	0	86	17	2	0	3	4	3	87	0	0	30	3	2	122	0	27	3	379	2	0	1	0	0	2	644	24	0	0	4
g__Colidextribacter	0	0	0	0	0	0	0	0	0	0	0	0	0	0	0	0	31	0	73	0	0	0	0	12	0	18	22	0	0	0	0	0	0	0	0	0	0	36	24	0	3	5	0	10	0	0	2	10	167	1	0	0	18	0	0	0	37	0	0	0
g__Clostridium_sensu_stricto_1	7	161	33	0	4	0	2	6	438	22	0	12	0	12	55	5276	50	48	2664	501	55	3179	32	431	28	217	92	158	278	15	49	826	14	18	8	23	684	230	0	11	29	7	2	45	0	14	3	9	24	22	3	105	72	0	4	126	21	0	36	235
g__Clostridioides	0	0	0	0	0	0	0	0	0	0	0	0	0	0	0	0	0	0	0	0	0	0	0	0	0	0	0	0	0	0	0	0	0	0	0	0	0	0	0	0	0	8	0	70	0	0	0	0	9	2	0	0	0	6	0	0	0	0	0	0
g__Clostridia_UCG-014	0	2	8	0	0	0	2	2	6	0	2	0	2	0	7	11	0	0	0	31	15	8	11	34	4	254	29	53	15	0	0	3	10	1	1	0	0	3490	6	2	0	0	3	0	0	0	0	0	0	0	2	0	14	0	5	0	0	0	0	0
g__Clade_III	0	0	0	0	0	0	0	0	0	0	0	0	0	0	0	0	2	0	4	8	0	0	0	0	0	0	5	6	0	8	0	0	0	0	0	0	0	0	0	0	0	0	0	0	0	0	0	0	0	0	0	0	0	0	0	0	0	0	0	0
g__CL500-29_marine_group	0	0	0	0	0	0	0	0	0	0	0	0	0	0	8	23	12	19	14	33	19	16	6	19	2	36	0	28	15	19	6	0	0	0	0	0	0	0	0	0	0	0	0	0	0	0	0	0	0	0	0	0	0	0	0	0	0	0	0	0
g__Citrobacter	0	0	0	47	75	0	0	163	46	0	0	14	0	0	100	0	0	39	0	0	0	0	0	0	0	26	0	0	0	0	0	0	0	62	53	56	0	0	0	0	37	0	0	0	0	0	0	34	205	0	0	0	30	0	0	0	0	26	0	0
g__Chryseobacterium	0	0	0	0	0	0	0	0	0	0	0	0	0	0	0	0	0	0	0	0	0	0	0	0	0	0	0	0	0	0	0	0	0	0	0	0	0	0	0	0	0	0	0	9	2	0	3	3	0	2	0	4	4	0	0	0	0	0	0	0
g__Christensenellaceae_R-7_group	0	0	0	0	1	0	0	0	0	0	0	0	0	0	0	0	0	0	0	9	0	0	0	22	0	125	0	0	79	0	0	0	140	32	6	0	0	706	168	14	97	0	0	0	0	0	0	0	0	0	0	0	1	0	0	0	2	0	0	0
g__Christensenella	0	16	0	0	0	0	0	0	0	0	2	5	0	0	0	0	0	0	0	0	0	0	0	0	0	0	0	0	0	0	0	0	0	0	0	0	0	0	0	0	0	0	0	0	0	0	0	0	0	0	0	0	0	0	0	0	0	0	0	0
g__Chloroplast	0	0	0	0	0	0	0	0	0	0	0	0	0	0	0	0	0	0	0	4	0	2	0	0	0	4	0	0	0	0	0	0	0	0	0	0	0	0	0	0	0	0	0	0	0	0	0	0	0	0	0	0	0	0	0	0	0	0	0	0
g__Catenibacterium	0	6	1923	11	4	0	24	0	76	41	5	0	13	27	8	4	0	5	16	3	0	1465	0	0	0	0	3	0	10	0	0	0	10	4	8	23	16	0	3229	10	12	0	0	0	0	0	0	0	0	0	0	0	0	0	13	2	5	21	6	8
g__Catabacter	0	32	0	0	0	0	0	0	2	0	0	0	0	0	0	0	0	0	0	0	0	0	0	0	4	7	0	0	0	0	0	0	0	0	0	0	0	0	0	0	0	0	0	0	5	0	0	0	0	0	0	0	0	1	0	0	0	0	0	0
g__Candidatus_Methylopumilus	0	0	0	0	0	0	0	0	0	0	0	0	0	0	0	0	0	0	0	6	6	11	0	0	0	0	9	0	7	0	10	2	0	0	0	0	0	0	0	0	0	0	0	0	0	0	0	0	0	0	0	0	0	0	0	0	0	0	0	0
g__Candidatus_Kaiserbacteria	0	0	0	0	0	0	0	0	0	0	0	2	4	0	0	0	0	0	0	0	0	0	0	0	0	0	0	0	0	0	0	0	0	2	0	5	0	0	0	0	6	0	0	0	0	0	0	0	0	0	0	0	0	0	0	0	2	0	0	0
g__CAG-56	0	0	389	0	0	39	0	0	0	0	0	0	0	0	0	385	0	0	0	408	0	0	0	311	0	0	0	0	110	0	0	19	158	0	399	0	0	51	27	19	107	0	0	0	0	0	0	0	0	0	0	0	0	0	42	0	0	0	0	0
g__CAG-352	0	6	0	3	0	1242	0	0	8	0	0	10	3	4	27	81	35	609	162	2718	24	57	346	2752	23	11472	51	59	57	17	21	52	10	26	0	5	0	1133	11	6	0	0	0	1	0	0	0	0	0	0	0	0	0	0	0	0	0	6	0	0
g__Butyricimonas	0	12	0	0	0	46	0	0	0	0	0	33	0	0	0	0	0	0	0	0	0	0	0	0	0	0	204	0	0	0	0	0	0	2	0	0	0	32	5	0	36	0	0	0	0	0	0	0	0	0	0	0	0	0	0	0	0	0	7	82
g__Butyricicoccus	0	22	67	9	0	22	0	0	195	0	8	0	322	0	12	198	18	59	562	229	0	380	38	152	459	202	56	139	250	0	6	0	27	0	156	0	284	93	60	78	95	37	14	16	32	0	27	30	840	67	10	55	179	29	199	0	126	7	606	387
g__Burkholderia-Caballeronia-Paraburkholderia	0	0	0	0	0	0	0	0	0	14	0	0	0	0	0	0	0	0	0	0	0	0	0	0	0	0	0	0	0	0	0	0	0	0	0	0	0	0	0	0	0	16	25	33	13	15	8	14	21	9	14	14	18	4	0	0	0	14	0	0
g__Bradyrhizobium	0	0	0	0	0	0	0	0	0	204	0	0	1	2	0	0	0	0	0	0	0	0	0	0	0	0	0	0	0	0	0	0	0	0	0	0	0	0	2	0	0	0	0	0	0	0	0	0	0	0	0	0	0	0	0	4	0	203	0	0
g__Blautia	191	1263	3559	348	280	1950	180	926	918	310	363	4176	3932	332	4883	9392	2878	7061	6092	3495	2707	8662	4291	7764	3906	3778	3437	15929	6180	2226	17804	3035	3603	9933	7311	2683	5877	4130	4516	2984	4888	930	28	470	305	93	767	309	1864	456	236	410	234	492	5862	999	2042	193	4096	2748
g__Bilophila	0	0	0	0	0	0	0	30	2	0	0	0	0	0	98	0	61	12	10	4	532	0	0	0	0	37	584	0	4	41	5	12	56	22	0	0	0	27	21	8	3	2	8	6	249	0	3	104	87	7	5	8	4	2	139	1	0	1	8	0
g__Bifidobacterium	56	14	15	23	373	5	41	34	111	50	24	1812	34	38	65	89	11755	4575	74	2178	7806	3403	8149	197	35167	58	251	57	98	12639	41	30	3041	8374	407	520	1304	198	6257	124	21	1374	36	57	106	37	81	59	100	10307	50	151	71	30	922	66	136	129	660	368
g__Bdellovibrio	0	0	0	0	0	0	0	0	0	0	0	0	0	1	0	0	0	0	0	0	0	0	0	0	0	0	0	0	0	0	0	0	0	0	0	0	0	3	0	2	0	0	0	0	0	0	0	0	0	0	0	0	0	0	2	0	0	0	0	0
g__BD1-7_clade	4	0	0	0	0	0	0	0	0	0	0	0	7	0	0	0	0	0	0	0	0	0	0	0	0	0	0	0	0	0	0	0	0	0	0	7	4	0	2	0	1	0	0	0	0	0	0	0	0	0	0	0	0	0	0	0	8	0	0	0
g__Barnesiella	0	0	0	0	0	0	0	0	0	0	0	0	0	0	0	0	28	0	0	0	0	0	0	0	0	7	0	0	0	21	0	0	2	0	0	0	0	134	73	0	0	16	0	12	14	6	310	13	7	2	3	6	245	15	0	0	0	0	0	0
g__Bacteroidetes_vadinHA17	0	0	0	0	0	0	9	0	0	0	0	0	0	5	0	0	0	0	0	0	0	0	0	0	0	0	0	0	0	0	0	0	9	0	0	0	0	12	4	0	11	0	0	0	0	0	0	0	0	0	0	0	0	0	4	0	0	0	0	0
g__Bacteroides	0	3610	1765	0	31266	17839	0	29137	8	9	3646	16634	146	0	33610	375	6554	2910	110	1188	20942	5702	208	1421	10	5678	21638	512	408	4783	619	26089	4576	1709	16138	585	2494	4505	759	16198	9588	22578	90	12671	26215	5745	22330	24163	6223	1730	15445	8843	30997	27085	18047	16754	8391	5915	4988	20699
g__Azoarcus	0	0	0	0	0	0	0	0	0	3	0	0	0	0	0	0	0	0	0	0	0	0	0	0	0	0	0	0	0	0	0	0	0	0	0	3	0	0	0	0	0	0	0	0	0	0	0	0	0	0	0	0	0	0	0	0	0	3	0	0
g__Atopobium	0	0	0	0	0	0	0	0	22	14	0	0	5	0	0	0	0	0	0	0	0	0	0	0	0	0	0	0	0	0	0	0	0	0	0	0	0	0	0	0	0	0	0	0	0	0	0	4	0	0	0	0	0	0	0	0	0	0	0	0
g__Aquabacterium	0	0	0	0	0	0	0	0	0	19	0	0	0	0	0	0	0	0	0	0	0	0	0	0	0	0	0	0	0	0	0	0	0	0	0	0	0	0	0	0	0	0	0	0	0	0	0	0	0	0	0	0	0	0	0	2	0	80	0	0
g__Anaerotruncus	0	51	0	0	0	0	0	0	0	0	0	6	0	0	0	0	0	0	8	0	5	0	0	0	0	0	5	0	0	0	0	0	0	0	0	0	0	0	0	0	0	0	0	0	0	0	0	0	0	0	0	0	0	0	0	0	0	0	2	0
g__Anaerostipes	15	44	130	77	18	42	20	47	19	21	29	25	30	34	33	172	423	565	325	116	1174	121	35	146	224	237	234	2707	239	20	71	44	488	1451	1377	69	405	254	280	513	262	96	14	58	73	23	54	60	245	244	45	143	70	559	594	412	353	26	154	827
g__Anaeroglobus	0	0	0	0	0	0	0	0	0	0	0	929	0	4	0	0	0	0	0	0	0	0	0	0	0	0	0	0	0	0	0	0	0	0	0	2	0	0	6	0	0	0	0	7	0	0	0	0	0	0	0	0	0	0	0	3	0	0	6	3
g__Alloprevotella	0	0	0	0	7	5	0	10	0	0	0	0	0	0	0	0	0	0	0	0	0	0	0	0	0	0	0	0	0	0	0	0	4	0	0	0	0	3	1327	6	0	0	0	0	0	0	0	0	0	0	0	0	0	0	0	1	7	1	0	2
g__Allisonella	0	0	0	0	0	0	0	0	0	0	0	0	0	0	0	0	0	0	0	0	0	0	0	0	0	0	0	0	0	0	0	0	0	0	0	0	0	0	0	0	0	76	2	7	0	5	26	6	1242	7	7	10	14	9	0	0	0	0	0	9
g__Alistipes	12	516	7	5	4	1111	10	598	9	8	0	1265	0	2	22	0	918	316	29	19	36	14	14	135	0	136	52	10	21	81	0	18	1511	17	9	4	0	5275	112	236	1421	209	74	12080	3450	88	293	255	299	95	125	124	339	146	272	2	1018	0	7	67
g__Aliidiomarina	0	0	0	0	0	0	0	0	0	0	0	0	0	0	0	0	0	0	0	0	0	0	0	0	0	0	0	0	0	0	0	0	0	0	0	0	0	0	0	0	0	6	11	6	0	8	3	10	10	5	8	12	6	1	0	0	0	0	0	0
g__Akkermansia	0	0	0	22779	5	7	5	0	80	0	25	0	7567	6	0	6	6	8	3	15	11	5	8	0	0	151	5	5	0	7	0	0	5	0	0	0	11	1865	11	2218	8	42	4	3874	21	2	7	19	37	6	12	8	11	15	0	0	247	1	8380	0
g__Agathobacter	15	47	215	34	24	93	36	25	40	36	39	56	213	32	50	926	174	261	505	877	85	192	43	1713	224	2259	227	2064	681	32	68	66	1476	3811	776	82	462	710	151	2572	786	517	20	37	54	25	123	151	389	33	27	71	1240	32	103	38	5817	21	52	877
g__Aeromonas	0	0	0	0	0	0	0	0	0	0	0	0	0	0	0	0	0	0	0	0	0	0	0	0	0	0	0	0	0	0	0	0	0	0	0	0	0	0	0	0	0	62	257	63	67	85	43	77	126	89	138	79	69	21	0	0	0	0	0	0
g__Actinomyces	0	0	0	8	0	0	0	0	0	274	0	0	0	0	0	0	0	11	0	0	0	0	10	0	0	0	0	18	0	0	2	0	0	0	0	16	0	0	0	0	0	2	0	0	0	0	0	0	0	0	0	0	0	0	0	0	0	0	0	0
g__Actinobacillus	0	0	0	2	0	2	0	0	0	0	1	0	0	0	0	0	0	0	0	0	0	25	0	0	0	0	0	0	0	0	0	0	7	3	0	0	0	0	0	0	0	0	0	0	0	0	0	0	0	0	0	0	0	0	0	0	0	0	0	0
g__Acinetobacter	0	0	0	1	0	0	0	0	0	419	0	0	0	8	0	0	0	0	0	0	0	0	0	0	0	0	0	0	0	0	0	0	0	0	0	0	0	0	0	0	0	7	2	53	23	18	0	28	18	18	8	17	12	8	0	17	0	314	1	0
g__Acidaminococcus	0	0	0	0	0	0	0	0	0	0	0	0	0	0	0	0	0	0	0	0	0	0	0	0	0	0	0	0	0	0	0	0	0	0	0	16	0	0	0	17	0	45	7	11	52	22	16	17	2746	11	23	22	12	14	0	0	0	0	0	0
g__Acidaminobacter	0	0	0	0	0	0	0	2	0	0	2	0	0	0	0	0	0	0	0	0	0	0	0	0	0	0	0	0	0	0	0	0	0	0	0	0	0	0	0	3	0	0	0	0	0	0	0	0	0	0	0	0	0	0	0	0	0	0	0	0
g__Abiotrophia	35	45	40	20	20	22	166	21	49	29211	61	34	22	270	0	0	0	0	0	0	0	0	0	0	0	0	0	0	0	0	0	0	26	40	26	101	73	55	39	28	41	0	0	0	0	0	0	0	0	0	0	0	0	12	49	16	36	58	40	28
g__[Ruminococcus]_torques_group	55	917	3532	55	15	632	38	24	38	31	68	70	198	59	113	548	194	251	4285	907	177	1017	76	1338	111	744	540	4482	10305	38	241	173	597	187	3299	919	3081	485	170	620	347	373	24	73	612	40	119	175	414	699	147	191	118	57	1521	35	1352	20	929	450
g__[Ruminococcus]_gnavus_group	85	3952	369	6721	6686	481	79	945	468	113	12944	121	15881	124	923	192	94	117	1728	187	2677	916	252	477	1318	211	677	2603	1668	83	5102	1578	355	565	1504	255	2105	257	267	213	274	91	22	304	173	891	42	98	1002	52	247	453	83	207	431	830	272	166	1446	182
g__[Ruminococcus]_gauvreauii_group	0	0	0	0	0	0	0	0	0	0	0	0	0	0	0	64	0	0	0	0	0	0	0	42	0	120	0	0	140	0	0	0	348	18	13	0	0	120	366	0	0	0	0	0	0	0	0	10	0	0	0	0	0	0	0	0	8	0	0	129
g__[Eubacterium]_xylanophilum_group	0	0	0	0	0	0	0	0	0	0	0	0	0	0	0	0	0	0	0	0	0	0	0	0	0	13	0	0	0	0	0	0	0	0	0	0	0	57	0	0	0	0	0	0	0	0	2	5	8	0	4	5	83	0	0	0	0	0	0	0
g__[Eubacterium]_ventriosum_group	0	0	35	0	0	0	0	0	8	0	0	0	53	0	0	42	11	50	24	86	9	15	12	79	9	1594	273	31	0	8	6	29	25	6	8	0	25	496	0	22	42	10	0	46	0	2	1	18	86	0	0	8	21	3	0	0	0	0	0	0
g__[Eubacterium]_siraeum_group	0	0	0	0	0	0	0	0	0	0	0	0	0	0	0	2	0	0	0	0	0	0	0	0	0	14	0	0	0	0	0	0	3	0	0	0	0	144	142	0	0	0	0	0	0	0	0	0	0	0	0	0	0	0	0	0	0	0	0	0
g__[Eubacterium]_ruminantium_group	0	0	0	2	0	0	0	0	0	0	0	0	3	0	16	22	15	30	60	41	16	28	15	39	16	1706	40	54	55	5	15	29	10	0	6	0	0	821	29	12	0	0	0	0	0	0	0	0	0	0	0	0	0	0	0	0	0	0	0	0
g__[Eubacterium]_hallii_group	9	32	358	37	13	172	7	11	41	14	28	14	32	14	45	565	356	793	124	107	76	109	83	541	282	943	363	218	383	159	56	323	480	28	613	136	1296	970	465	240	491	191	3	14	12	9	289	30	184	21	10	44	40	27	1339	9	301	11	17	31
g__[Eubacterium]_fissicatena_group	0	0	0	0	0	0	0	0	0	0	0	0	0	0	0	0	14	0	0	0	0	0	0	20	0	0	0	0	0	0	0	0	0	0	0	0	0	0	0	0	5	0	0	5	0	0	0	0	0	0	0	0	0	0	0	0	8	0	0	0
g__[Eubacterium]_eligens_group	0	0	16	6	0	223	0	0	11	12	10	6	16	13	0	58	0	36	54	48	0	29	10	95	20	366	4132	73	45	0	19	94	79	22	18	23	27	123	54	24	142	82	13	90	106	58	111	527	305	54	137	1476	213	69	18	0	44	6	21	2962
g__[Eubacterium]_coprostanoligenes_group	3	15	28	8	1	54	11	10	26	16	11	9	255	4	27	432	30	337	206	352	38	51	54	462	24	551	64	107	66	17	39	25	41	22	15	17	27	563	1264	96	189	18	2	13	18	8	323	52	42	12	15	37	351	21	21	17	4031	17	10	24
g__[Eubacterium]_brachy_group	0	0	0	0	0	0	0	0	0	4	0	0	0	0	0	0	8	18	0	7	0	0	0	6	0	0	0	0	0	0	0	0	0	5	0	0	5	0	0	3	0	0	0	0	0	0	0	0	0	0	0	0	0	0	0	0	0	0	2	0
g__[Clostridium]_innocuum_group	2	245	7	83	0	5	14	14	3	12	9	1862	113	14	103	3	10	9	31	5	25	15	0	4	7	28	3	59	9	1	42	6	0	19	0	17	12	14	11	1	8	0	0	21	0	0	0	0	0	0	0	0	0	0	11	0	15	6	35	0
